431
520
454
9414
8151
3117
536
411
5749
3542
302
871
4
431
520
360
374
76
618
742
768
296
536
664
747
933
997
214
170
30
92
383
834
5516
888
872
496
262
3413
374
817
882
484
352
638
904
518
23
935
231
7234
987
201
694
679
118
305
5
860
660
57
754
998
540
2988
309
801
951
823
547
104
185
659
946
192
696
642
69
98
545
62
494
595
734
271
87
1372
966
142
482
664
330
313
809
522
9954
243
681
955
566
964
698
600
647
760
324
532
731
354
923
205
47
937
784
888
273
486
285
4404
958
8468
910
458
323
106
420
367
797
818
9156
423
773
503
605
223
33
306
662
92
102
262
41
354
223
118
172
308
447
456
545
84
763
574
648
677
676
143
68
957
7425
746
263
806
461
9788
510
213
873
272
947
104
4085
266
137
731
447
939
72
9122
8541
463
605
498
346
725
884
21
839
2135
501
69
776
291
291
462
188
287
846
450
332
334
835
395
269
638
514
152
17
875
825
447
268
931
474
505
550
836
364
745
792
766
862
916
268
14
685
292
16
335
405
67
348
8120
27
674
829
246
152
449
873
241
305
355
7753
525
810
419
475
689
47
756
748
336
676
657
43
17
650
914
890
615
807
526
31
800
455
484
691
953
770
295
441
82
6128
5377
933
673
973
645
684
847
675
137
72
350
444
345
10
457
716
907
272
751
656
119
81
615
334
388
675
8274
989
9868
34
531
854
70
482
393
63
100
448
670
536
752
927
362
1003
20
635
428
762
389
967
1374
846
265
917
704
278
253
525
991
3069
358
894
220
793
539
174
361
756
6171
18
777
129
379
693
904
935
349
60
661
937
752
616
886
808
263
698
3842
196
221
1560
5512
187
395
583
959
360
458
76
573
109
861
45
486
22
955
4212
455
407
838
537
683
777
289
475
4297
875
456
329
920
817
729
201
42
417
529
29
967
877
296
277
837
379
435
846
803
3766
344
121
711
328
493
421
643
675
986
838
141
535
953
727
600
245
408
569
205
5407
508
442
477
371
761
4717
182
8758
799
242
607
395
331
91
158
808
687
950
116
84
733
617
580
502
671
566
895
427
822
261
41
450
854
138
387
302
774
369
901
964
89
34
260
180
981
100
194
629
540
429
69
3128
424
340
120
871
499
375
811
173
534
772
538
2153
990
9241
3917
387
20
27
480
905
846
548
732
530
739
872
436
717
682
8418
149
511
726
805
193
677
299
143
184
595
492
694
130
73
887
633
6176
7565
611
586
65
3605
813
19
665
739
692
379
9289
449
2513
684
831
665
366
4133
256
59
2848
69
1888
853
971
45
291
224
64
703
96
215
941
980
898
957
940
5757
7
333
485
159
607
996
694
992
68
790
345
409
4542
299
524
687
976
823
5858
452
226
420
977
6978
393
518
838
300
346
626
761
770
8909
354
394
454
5888
740
796
109
179
510
819
2078
703
877
38
361
518
604
215
565
108
590
229
804
775
828
180
786
504
643
438
1750
141
9209
466
850
667
480
282
668
326
383
71
627
254
6045
812
123
785
942
402
5719
303
117
420
981
519
407
503
741
413
156
883
300
633
590
317
57
303
693
978
20
620
686
956
37
755
172
778
629
925
878
165
948
90
8678
691
324
850
233
606
699
391
811
214
730
612
500
791
925
735
564
62
248
592
691
127
917
136
471
138
170
427
839
958
383
853
956
4452
9551
417
138
852
279
177
2253
636
396
279
798
167
792
375
286
247
475
327
180
352
247
138
989
221
46
532
767
218
446
836
146
6
386
87
263
593
457
175
154
6780
6062
230
573
457
643
8909
812
306
976
530
631
767
3347
14
431
313
947
333
461
20
505
897
259
313
713
505
479
275
300
476
76
503
883
822
929
5950
906
413
163
378
450
375
471
669
8
821
750
691
752
195
765
11
1925
563
928
599
115
211
1934
2039
714
135
415
569
910
505
541
353
753
302
281
769
828
180
298
252
989
709
169
195
671
953
355
981
897
412
1249
759
178
977
32
828
531
930
382
670
336
640
329
510
394
525
43
221
2096
633
681
716
83
221
736
680
929
982
179
983
660
281
3156
50
705
140
25
2158
553
71
628
264
400
321
76
390
438
993
429
954
785
121
672
197
8437
725
106
95
807
261
88
871
8067
234
566
446
549
130
962
269
969
722
761
828
857
871
843
630
291
388
826
8809
243
111
206
920
84
313
26
231
477
678
532
822
289
356
238
6885
487
517
118
821
5226
212
169
326
374
983
994
568
9
232
8172
750
545
347
4550
199
344
635
251
6862
8042
323
572
690
1277
714
34
913
594
177
9972
40
357
925
17
209
70
237
176
348
374
901
661
566
155
643
175
924
436
791
228
523
226
476
199
554
7057
7
2222
274
451
548
936
936
317
16
308
880
926
730
950
404
933
615
925
428
950
363
6757
590
240
816
865
551
802
497
32
378
326
887
755
198
2595
204
805
685
727
139
650
781
763
242
936
682
599
527
982
963
552
695
403
915
689
186
8829
855
353
283
157
804
67
627
9091
71
368
150
800
525
33
475
514
572
781
134
792
224
799
483
533
974
600
291
949
603
1293
994
500
450
66
248
105
877
99
495
6307
9506
735
358
9371
749
833
796
4960
408
295
25
137
9083
507
104
482
173
651
8811
707
188
484
621
245
18
496
955
385
150
504
435
576
98
650
186
376
4866
758
172
154
555
3371
6363
436
492
309
990
789
753
712
7441
532
73
807
728
714
2594
531
617
587
886
54
9858
442
678
565
132
959
884
551
6811
325
407
35
799
134
8759
762
178
64
962
509
207
48
125
436
403
840
566
642
451
556
441
903
913
957
446
404
9753
496
705
575
296
844
467
997
139
32
630
956
1475
4
732
541
602
780
333
513
713
528
280
384
348
44
236
511
83
883
406
558
168
640
309
25
515
8632
756
106
152
173
704
270
220
481
823
532
552
341
227
212
447
4591
721
236
825
31
363
782
8624
81
148
760
538
210
7669
396
945
924
686
12
516
999
985
176
430
713
746
330
262
320
932
540
992
477
574
153
9058
6
791
890
227
689
669
224
521
377
535
175
15
200
9
548
941
4787
11
974
973
749
946
207
3882
560
910
123
604
992
624
307
981
505
4069
101
611
891
349
529
425
979
359
308
402
352
507
921
484
909
788
266
1000
504
2824
555
962
912
682
377
406
535
91
5
945
559
998
390
2342
169
202
350
8464
925
915
6729
1391
404
966
581
995
633
33
6312
287
7973
411
423
851
131
926
3381
495
468
541
222
9980
706
96
881
409
217
749
178
25
428
824
774
93
902
688
542
963
960
380
418
325
498
695
609
791
565
2388
869
197
697
498
935
5203
410
5
336
343
2056
559
739
554
644
222
568
6669
3723
946
896
731
594
3138
351
378
991
23
911
339
506
685
891
709
849
380
95
460
990
340
6864
751
341
336
859
962
348
885
283
6675
52
277
529
5300
541
734
160
952
348
2073
816
925
335
445
9414
116
794
635
566
565
424
70
356
1326
844
49
888
168
914
533
178
753
610
660
592
134
293
8
106
703
976
312
17
57
550
962
386
467
300
256
899
9119
655
553
693
403
63
4208
229
410
800
92
812
561
623
932
695
941
450
594
621
3648
760
471
238
55
637
8311
641
32
7265
301
618
642
5401
44
67
350
895
517
370
563
598
166
448
2355
941
30
48
357
303
2925
681
696
471
150
335
155
890
311
924
598
320
4620
754
344
745
835
214
109
561
3301
488
1285
4769
662
411
748
305
461
730
196
12
256
554
9089
146
325
835
8792
951
967
998
7116
630
205
240
672
489
577
963
180
6251
752
944
4
311
230
964
869
19
838
574
699
491
549
389
3295
812
578
844
367
334
314
3
709
591
299
497
634
571
437
182
494
465
325
245
646
364
790
114
409
920
179
730
88
312
501
853
5172
213
724
970
938
891
775
238
3525
631
9
3993
798
97
862
304
309
292
523
210
864
426
191
671
187
223
9161
688
259
987
242
55
64
479
440
441
820
621
157
841
594
188
292
9056
49
884
475
584
577
483
772
434
759
612
683
222
502
9217
722
437
507
919
733
246
834
904
723
947
249
478
778
633
83
981
162
721
328
181
246
322
556
39
507
817
7451
345
3545
316
582
423
397
564
143
940
688
149
294
814
408
494
3029
902
329
12
8754
46
301
773
978
893
893
867
843
887
159
17
47
664
113
85
120
785
926
63
799
26
864
247
968
234
570
72
46
359
893
909
628
82
347
966
239
814
629
595
325
7618
947
297
535
464
466
409
592
840
490
864
616
609
21
253
246
199
367
324
797
500
601
772
79
159
161
554
7389
863
239
386
379
319
854
206
690
470
99
837
128
383
157
73
640
894
400
843
533
256
926
429
614
4
5095
742
643
991
458
244
151
527
882
646
453
266
620
151
828
433
686
616
757
310
430
965
94
427
606
892
104
544
728
7
77
580
677
9643
643
650
688
499
3771
56
542
649
128
868
394
27
95
263
697
633
288
738
683
5
608
33
160
588
6814
219
594
503
284
25
363
794
868
277
1407
398
933
184
282
146
718
1000
68
582
4294
637
371
768
422
559
6701
81
619
832
9057
807
616
9867
3108
443
9874
1695
275
258
841
710
460
221
570
373
589
526
4577
720
403
570
712
504
381
4167
794
789
163
606
74
999
4767
32
721
191
680
350
852
7703
3084
596
72
875
85
923
6315
436
754
511
463
2999
623
522
208
337
319
183
294
437
65
882
9688
919
795
4385
6353
663
743
998
626
894
336
764
481
8274
519
249
860
917
760
355
78
92
918
126
898
297
760
655
272
560
662
743
824
460
601
724
90
276
528
987
859
367
7073
974
929
481
191
295
640
4814
258
435
330
3368
968
66
722
665
452
3585
707
716
386
294
261
588
544
567
449
811
366
994
771
470
856
931
386
993
892
845
281
512
3625
932
336
8419
155
790
138
873
113
7283
585
722
246
745
498
840
717
28
540
827
842
584
803
674
492
292
830
14
487
568
965
809
4020
794
675
852
274
454
78
799
839
67
458
181
939
279
29
522
471
923
606
821
357
105
775
401
666
984
3017
442
912
448
710
334
849
529
685
7642
586
460
2
304
677
594
605
9578
252
252
974
365
147
156
360
673
390
208
428
793
645
927
117
32
739
366
186
154
765
738
819
221
347
8787
923
766
210
856
109
637
937
868
655
965
899
763
597
137
271
5415
868
428
634
983
110
8002
764
7648
322
175
308
581
742
331
36
562
336
528
36
383
8319
394
323
158
870
959
273
1246
479
911
74
444
407
183
813
354
210
222
898
951
970
265
3594
126
278
43
825
624
655
338
738
802
9231
612
283
714
201
515
582
7838
858
782
431
981
907
263
648
587
491
586
641
62
93
207
983
6664
8349
10
603
480
481
601
583
132
199
289
846
656
847
854
737
669
33
398
892
341
103
759
134
1932
399
547
374
255
646
6710
862
406
205
6504
886
268
913
979
252
353
786
894
711
9255
246
56
111
732
417
659
942
879
3733
54
2064
7932
435
156
621
895
783
693
503
8231
1
986
440
824
841
772
864
855
187
537
100
771
5
526
125
979
4684
638
512
219
177
2077
716
244
808
46
526
777
534
814
662
861
1042
6975
474
781
267
748
563
900
433
265
61
117
77
733
328
44
20
679
1952
263
237
735
858
529
9726
8918
683
933
825
517
136
510
149
369
64
635
562
171
306
211
126
671
6771
448
350
610
612
672
8154
104
1809
931
198
451
18
605
802
343
782
302
734
384
737
767
815
8556
4223
380
112
156
301
327
557
462
149
604
912
586
706
713
190
799
33
60
23
990
63
3033
347
719
797
668
434
122
232
4794
374
8690
738
958
911
275
3836
922
587
169
881
899
180
885
904
590
957
765
304
487
389
2965
708
149
94
258
107
827
551
542
45
718
89
82
119
680
889
61
299
797
883
591
208
659
205
88
410
740
621
3831
225
647
814
528
961
414
253
689
580
608
3504
1295
99
792
228
824
2303
262
438
343
131
826
693
9559
964
856
641
964
116
529
624
976
847
929
3381
362
947
565
116
1382
746
526
274
892
9589
827
866
3525
98
784
865
818
390
911
212
772
651
693
156
4154
980
609
203
699
836
31
312
316
4244
629
108
768
237
364
86
740
166
234
370
270
440
388
401
759
366
58
360
251
171
522
583
539
240
399
901
93
547
8004
5837
845
444
791
377
201
934
819
833
5279
337
484
171
818
387
784
787
920
362
243
942
525
499
368
49
412
667
265
442
511
371
480
653
7
475
7206
430
369
8218
758
898
607
618
721
582
112
757
212
198
557
9096
838
589
915
2461
832
700
647
557
879
230
137
79
799
820
9408
687
917
398
7503
284
4117
573
5990
186
8
822
38
6340
601
88
22
30
476
8426
307
9439
28
5674
168
588
950
333
690
176
879
984
776
974
40
9038
4
474
669
648
9206
511
980
647
8772
806
453
2234
567
58
795
62
110
213
831
796
933
305
7148
364
358
736
145
8023
877
241
197
527
164
54
9849
61
427
850
435
485
4754
454
837
995
107
621
934
613
230
226
848
302
856
296
1023
198
724
460
457
172
8243
160
717
539
639
379
324
920
735
7397
277
700
520
3248
81
853
53
983
236
77
687
714
492
157
155
178
640
922
243
795
160
99
688
589
163
185
857
654
334
435
272
9049
653
570
1903
501
890
23
412
538
332
133
880
434
153
754
786
339
582
480
862
397
364
219
1139
529
767
355
5085
559
63
576
260
543
632
847
769
381
708
571
81
591
595
3422
2103
140
147
789
5555
131
495
444
628
39
313
759
802
199
86
759
399
684
64
640
203
358
829
798
345
82
3715
940
927
147
882
510
125
239
6915
844
943
16
45
31
7812
860
909
509
608
235
807
665
637
6775
106
222
427
5
8686
145
686
627
102
547
879
887
394
57
350
838
19
557
326
891
100
9920
583
201
719
393
451
97
3465
931
231
9239
517
101
597
870
918
880
706
8431
504
442
721
289
514
964
589
340
7937
197
988
916
889
195
150
6905
858
938
3023
704
9568
7573
597
3295
8196
913
315
111
952
2989
905
701
437
8363
809
283
239
575
936
472
558
388
493
49
469
103
621
580
253
692
412
9746
525
376
237
84
669
97
520
901
514
935
965
195
187
773
139
531
646
711
748
809
412
671
940
742
626
7845
475
387
297
788
436
255
552
906
114
31
441
342
516
374
37
815
249
308
298
894
10
190
583
167
700
7199
262
7211
4679
5763
386
955
100
562
132
392
303
948
447
849
4431
278
165
546
114
105
348
975
23
818
268
249
1759
383
837
900
585
729
658
126
382
648
9460
269
816
9948
2557
8553
791
887
632
388
182
767
715
489
5759
711
112
490
7102
419
75
171
483
907
519
458
256
677
329
736
962
226
433
323
146
786
940
234
370
713
450
112
290
731
790
967
171
127
1
8791
127
287
116
88
907
93
414
125
921
574
666
105
362
79
9613
473
608
6813
321
719
937
710
876
294
659
206
482
217
876
62
314
258
370
1135
885
762
168
809
278
331
581
640
218
767
589
630
412
875
115
48
482
449
385
636
588
764
451
447
706
765
752
490
47
2638
449
6044
53
278
956
9941
153
857
419
620
911
4421
530
1137
2398
738
18
307
54
741
941
9818
6497
558
181
670
497
764
207
700
207
381
477
58
7233
806
344
138
7126
497
730
1217
619
779
472
782
769
547
476
2079
363
454
803
927
266
314
727
780
5093
471
444
59
775
818
8808
151
606
176
126
517
506
404
679
926
327
602
392
953
886
714
1667
971
541
859
355
212
189
730
5770
225
288
585
203
314
975
547
277
542
506
848
307
892
1675
373
477
638
7237
29
403
18
89
257
154
866
883
47
862
483
7
508
479
448
395
593
3507
776
136
935
439
88
75
108
363
709
803
328
351
701
894
514
259
5492
7353
618
441
188
845
985
771
801
225
619
462
150
120
703
316
670
216
153
103
430
212
167
703
14
23
140
1007
786
749
906
781
354
233
4004
2867
906
265
278
848
159
945
710
430
260
443
480
318
9441
181
55
111
613
387
960
757
80
339
257
838
766
37
502
205
129
893
271
488
2001
654
293
321
965
252
343
366
68
782
854
262
9616
500
361
904
680
793
765
591
811
876
482
158
297
128
590
498
686
3085
681
896
4207
546
354
97
229
225
424
3549
896
718
4846
4956
570
180
144
404
546
264
614
164
988
333
256
172
474
711
3982
537
73
871
239
39
923
35
341
271
406
881
175
924
142
934
167
768
980
441
223
235
531
480
612
205
59
389
96
179
156
662
426
844
757
292
92
459
786
932
192
398
853
823
453
885
768
688
668
577
91
754
956
506
5652
125
779
725
256
102
744
391
908
676
1018
673
413
614
112
978
5472
100
294
993
323
155
221
469
696
245
810
202
425
507
920
619
753
26
797
34
169
784
413
988
746
488
542
57
424
415
467
667
634
135
723
55
101
332
941
579
929
647
493
506
216
349
161
228
109
545
5232
567
485
572
825
622
496
692
865
362
974
306
589
174
335
124
474
891
502
2950
603
107
858
378
32
779
602
407
708
267
42
421
9554
635
399
881
661
609
822
422
703
192
931
571
446
445
397
3921
760
312
284
192
940
849
290
758
526
908
743
426
437
169
948
5735
785
95
66
337
863
954
584
188
154
792
788
365
968
8343
338
999
388
408
939
297
103
853
639
38
233
996
833
123
391
492
49
270
36
447
594
9278
469
4101
749
8988
126
432
3776
334
674
130
964
7045
563
599
182
972
874
534
4260
1327
516
733
768
22
288
3791
71
634
707
997
698
874
857
452
405
616
88
293
310
952
339
473
206
153
482
422
337
9964
541
544
337
559
193
210
2
42
7351
8072
673
74
157
1
530
359
426
67
411
8
410
387
42
595
473
533
741
683
419
51
937
968
327
3104
740
546
548
403
466
5169
978
498
985
340
495
975
3094
347
451
240
235
3796
875
200
8982
660
913
737
830
546
5797
578
401
948
330
900
850
81
737
3624
708
356
360
835
5790
321
140
413
39
516
121
800
905
793
366
1784
553
537
4629
550
309
567
709
571
695
989
483
893
691
612
51
871
8
931
614
158
523
605
179
663
478
676
623
649
493
589
517
169
851
734
618
948
724
14
301
359
662
657
274
219
385
900
729
569
724
113
808
358
366
83
470
127
6754
920
5252
1481
450
491
677
776
835
546
170
712
537
9361
695
824
544
329
274
48
296
167
492
689
517
85
412
197
637
143
626
472
547
986
7198
477
276
816
28
697
580
425
189
373
304
674
585
283
750
556
322
907
717
658
273
813
739
486
172
326
751
585
615
285
5480
485
251
102
302
985
399
9163
78
869
700
594
917
685
108
980
745
943
167
158
407
853
52
7482
841
900
508
845
598
76
228
537
313
3723
295
60
131
200
3052
254
678
938
651
9923
72
714
793
9585
466
272
149
213
53
101
465
1696
815
663
556
822
834
338
756
67
216
944
134
1276
705
352
1581
503
245
280
728
787
439
9905
671
1
456
9555
803
166
266
726
604
672
22
409
184
253
179
80
351
8622
443
2171
3
888
750
402
59
6956
3011
514
571
557
323
15
404
668
14
347
403
1768
891
603
706
85
4346
245
475
5004
15
6367
914
975
830
913
7339
816
808
976
267
511
74
250
624
15
232
119
98
123
182
6889
674
311
79
142
142
946
14
552
614
833
43
8149
244
735
884
399
5070
1192
918
553
423
113
559
185
504
142
3264
9230
235
658
254
750
327
815
208
305
114
832
825
761
595
70
834
375
180
6256
3812
200
775
192
751
924
793
365
477
459
254
780
470
3868
734
291
385
200
355
602
349
431
892
398
616
114
274
741
294
171
318
290
331
106
869
624
780
276
411
1335
314
383
257
617
94
521
788
917
753
963
953
946
748
320
225
873
596
971
567
372
110
97
986
46
863
136
597
8024
3338
5456
4773
848
519
128
513
384
3001
888
868
329
628
5992
564
5948
16
56
446
113
874
56
465
166
914
344
271
418
177
684
247
8
4489
729
264
610
191
159
624
625
146
359
722
3429
895
304
987
513
6476
41
786
439
282
7066
324
889
133
240
987
909
51
56
410
998
128
104
9402
727
3
258
837
267
620
7857
10
659
95
94
534
799
935
796
749
795
431
715
268
684
611
668
307
8921
867
900
72
930
992
83
6478
26
423
150
95
146
961
651
4470
605
8797
893
872
151
916
316
851
943
32
302
424
777
384
795
705
311
795
988
828
508
540
5279
476
513
462
876
239
508
716
558
618
93
552
555
96
870
967
155
854
543
308
842
982
122
416
278
3869
934
602
773
834
287
9910
206
499
534
930
935
906
567
206
8311
240
983
241
64
908
9189
147
4709
691
484
532
522
352
922
132
950
673
218
667
442
551
45
236
424
606
896
332
388
381
578
426
4518
122
80
774
72
515
867
82
629
341
21
200
415
690
738
7970
4375
524
923
957
7422
782
827
7042
910
22
882
530
285
649
220
938
282
138
767
869
223
821
681
6509
192
733
5423
3500
165
985
729
128
771
780
394
1
965
573
772
201
283
253
357
38
471
401
649
544
163
532
346
3
857
189
987
28
761
3616
536
545
873
991
802
155
430
121
613
58
819
762
30
491
298
90
616
208
42
183
530
326
582
554
195
912
842
800
6926
491
993
557
381
311
199
12
982
286
425
8105
4335
110
8546
2850
459
135
861
540
716
469
84
801
731
380
556
418
8026
328
307
422
262
870
795
586
237
178
3807
850
98
233
626
93
335
377
910
645
855
560
200
222
219
886
514
7215
962
351
983
742
628
8546
666
889
966
196
710
47
681
3886
964
744
859
204
287
10
464
142
260
815
574
175
73
113
589
566
375
295
563
649
1118
612
631
811
232
4532
276
754
677
279
588
644
275
644
92
552
820
118
5237
733
7124
882
617
599
139
824
886
797
705
106
468
950
431
8337
816
191
264
729
453
951
148
257
238
251
337
210
985
716
304
726
66
831
820
157
337
24
692
429
745
173
264
932
330
6681
972
9815
374
472
667
120
646
206
620
53
956
154
677
385
941
439
296
270
722
498
3884
228
150
8566
232
143
881
3502
665
722
840
849
318
988
9732
126
174
956
23
488
989
449
13
885
981
552
961
191
201
467
239
477
512
959
797
656
603
238
5341
310
497
874
899
261
576
530
355
928
4706
438
331
644
822
835
828
1556
343
885
438
84
258
375
235
10
261
597
788
603
728
949
555
396
899
69
275
898
343
746
376
783
581
327
409
5215
948
9428
474
960
166
608
701
827
369
741
164
883
5451
752
806
273
122
561
765
726
440
332
595
902
145
617
509
839
765
117
8459
2014
370
356
693
397
707
660
999
696
105
992
220
336
446
279
754
693
535
830
3524
238
576
5506
340
725
577
63
520
927
744
349
861
127
821
664
151
600
97
249
813
1479
993
769
452
367
284
230
234
835
1205
3719
497
834
652
3116
2840
781
736
3592
515
991
592
418
501
415
274
472
215
843
743
909
156
409
216
972
6950
778
773
954
657
160
140
674
392
353
948
564
428
25
644
928
6471
372
936
577
78
641
895
359
631
861
273
129
215
768
12
601
410
984
905
222
587
562
333
574
609
80
742
181
37
5564
15
82
842
515
638
2411
713
267
2215
696
181
1826
236
106
282
720
674
598
821
763
745
190
42
4971
365
99
562
717
469
725
919
914
74
590
559
448
78
4857
584
856
41
226
185
256
118
831
52
219
851
409
910
729
170
400
341
726
996
865
415
992
337
304
792
485
715
165
546
800
602
402
90
568
4595
914
521
600
125
7165
3567
620
551
973
720
234
402
4013
241
736
1003
7429
81
622
576
7179
194
107
896
478
764
995
456
887
483
7115
951
251
861
258
363
134
166
542
327
2865
5280
774
766
36
432
755
416
440
155
911
822
392
813
7144
739
657
116
557
573
161
3146
21
7515
378
627
164
152
153
707
538
953
729
259
533
315
506
635
785
862
115
65
302
522
905
541
135
491
455
616
626
9411
664
751
80
938
833
233
367
544
961
252
387
6767
227
488
999
699
959
174
509
51
413
108
551
185
390
17
377
490
631
999
162
829
72
882
785
4332
204
101
694
607
242
721
105
8989
665
68
401
470
895
973
759
36
723
471
2456
250
814
887
291
483
16
984
304
469
4013
108
179
310
293
843
285
408
233
63
666
743
255
427
536
7578
217
1579
939
56
480
242
497
24
580
830
8042
380
366
606
641
284
11
695
982
755
375
140
536
4184
908
971
4713
68
128
443
996
653
901
289
72
250
390
16
970
297
9
8123
886
965
149
114
106
944
50
914
558
3762
869
124
3069
6265
781
829
505
202
794
95
311
203
13
189
165
464
421
960
427
363
100
419
3047
570
123
957
400
39
176
726
170
451
212
2149
385
451
643
8207
290
378
3192
996
840
86
82
297
662
364
690
396
28
419
915
843
793
789
892
354
492
596
7177
585
638
572
162
880
759
438
478
51
316
8499
884
62
524
888
54
298
579
327
185
575
973
225
865
858
7685
229
947
890
921
130
984
437
68
294
77
578
651
672
578
687
731
682
2145
823
377
631
338
7213
315
539
821
136
313
7107
8302
373
1985
685
798
545
258
953
485
317
521
765
325
126
966
182
280
735
587
75
137
777
343
457
261
711
8984
362
938
561
606
3356
54
523
133
436
265
898
610
67
213
233
499
470
350
60
859
600
852
629
457
244
89
454
7819
461
160
247
218
926
2604
961
270
702
380
483
49
342
853
947
65
6776
355
3415
310
715
956
298
393
730
809
331
372
165
214
28
809
837
120
695
269
348
312
6504
951
204
932
595
687
604
220
427
662
440
985
432
367
610
9108
534
972
1
790
9
649
944
632
4817
164
545
489
949
836
4738
162
817
187
818
391
372
524
535
5047
199
363
360
147
643
738
215
102
539
58
63
91
915
234
640
236
74
162
973
74
939
900
117
938
286
564
23
600
801
773
775
875
802
700
335
96
562
958
663
786
926
543
492
444
617
725
633
386
758
22
310
706
603
472
699
713
630
132
973
292
813
798
682
422
489
228
866
287
577
125
189
340
1185
686
38
841
19
7
3865
527
322
502
692
949
1197
966
582
34
803
7114
992
190
645
185
225
253
323
21
452
89
943
889
995
152
229
225
717
785
498
476
9280
117
650
111
163
119
305
458
369
998
129
968
324
40
10
749
6161
289
727
832
96
995
783
282
336
248
810
283
652
115
318
211
35
149
319
280
246
401
466
209
840
92
780
1798
978
103
584
4786
325
538
912
6646
4894
612
49
130
7250
712
464
390
100
360
177
353
838
670
5010
153
365
740
189
564
921
342
676
73
174
58
296
294
432
104
369
42
611
607
560
766
271
416
209
218
501
14
7377
359
75
800
796
402
268
57
100
349
153
285
9606
322
7
650
3049
573
684
7202
784
19
685
604
123
94
723
626
424
543
220
602
190
194
381
93
886
757
577
874
1377
259
564
878
481
7630
195
392
869
4774
330
342
803
587
984
866
281
144
57
4255
119
829
499
776
939
21
995
997
7434
404
47
508
878
718
994
97
115
592
680
333
178
667
937
727
630
98
399
928
622
6413
9479
65
625
488
706
758
663
30
504
669
556
553
718
675
197
697
152
663
493
209
111
454
688
9069
543
922
653
991
6024
979
478
84
917
9026
166
459
680
30
537
779
877
882
712
52
755
163
889
416
598
335
386
250
858
406
368
344
364
250
897
856
86
300
288
50
808
526
830
315
960
375
264
87
435
265
811
3419
417
676
132
442
276
101
979
569
591
747
632
985
178
576
290
182
377
792
901
894
295
455
66
199
70
544
487
352
168
811
836
76
211
493
357
4382
136
2343
951
641
230
279
6310
5054
901
321
363
596
227
140
148
907
401
367
284
971
624
315
644
86
79
223
956
240
969
771
266
836
661
456
267
576
502
414
959
290
196
263
992
686
968
502
623
497
319
934
312
277
2724
507
903
468
779
936
187
645
877
997
328
694
771
908
3
571
523
417
84
214
988
830
804
70
519
372
392
810
314
710
767
749
445
4
317
2858
785
668
207
395
941
3286
455
513
686
690
997
994
413
3112
41
3
702
319
549
305
762
472
996
936
857
91
922
39
50
857
57
730
346
101
187
7367
454
834
814
1138
445
3743
819
563
1828
539
192
984
608
271
229
856
661
578
874
713
103
487
595
461
950
2359
453
82
56
9626
6143
317
538
438
852
764
461
566
5497
439
150
275
3975
961
2011
176
779
536
954
722
3147
922
131
490
702
609
654
947
933
76
746
322
860
7248
7050
8969
664
805
572
7568
224
8387
1308
83
533
694
673
242
876
784
4737
1
740
554
463
2
235
9263
105
689
754
42
519
772
725
425
1445
102
777
459
798
432
486
680
455
243
408
102
323
261
3490
693
438
710
511
750
9576
748
737
845
466
592
676
573
726
104
1039
921
827
762
240
341
340
209
321
193
576
974
586
99
389
257
8445
86
701
231
204
50
508
364
758
697
417
846
330
344
593
411
791
407
111
596
747
741
938
405
917
945
633
746
293
34
833
714
50
997
401
279
162
133
741
371
506
3850
306
87
295
815
681
653
1536
531
570
679
2153
848
751
468
756
233
720
987
726
161
550
5694
319
999
532
4187
439
276
742
20
3401
2571
77
162
1266
356
419
943
286
97
668
349
8014
276
937
718
97
515
404
311
4409
558
9899
461
85
774
122
158
1560
7
716
149
909
408
607
258
437
818
516
28
876
134
459
261
790
663
769
9474
8599
415
809
9407
474
371
942
450
62
565
881
35
237
182
617
52
462
387
786
37
567
433
292
486
865
696
600
2758
61
852
593
715
928
18
736
568
908
203
953
5571
966
446
880
675
252
997
897
231
599
241
990
343
5310
4828
592
288
719
636
120
970
971
584
907
781
655
6
217
3607
957
48
770
305
764
760
803
473
654
436
58
844
130
815
353
235
520
335
744
90
433
9004
6179
201
24
320
734
915
8810
5167
303
40
523
159
250
540
53
278
224
8589
468
463
963
342
732
195
76
4891
206
122
486
636
637
864
425
8105
873
95
952
817
3493
754
563
105
391
115
4781
8687
618
4217
40
445
156
117
563
885
698
833
678
611
698
1500
184
883
7912
704
531
645
783
354
370
8166
2685
197
575
223
888
524
196
647
216
458
48
789
244
812
998
926
267
36
609
879
55
547
986
9854
87
653
542
42
468
6045
298
794
912
3331
946
320
468
945
4629
173
770
652
5627
713
168
479
13
818
822
910
902
4948
837
838
513
856
352
652
331
110
611
770
379
1948
90
670
322
527
604
887
351
207
277
277
514
245
393
315
770
171
678
915
881
732
846
495
226
473
494
60
794
82
925
458
593
35
410
3737
496
142
346
332
275
18
345
384
89
609
376
745
736
893
766
765
513
1845
573
111
6552
970
787
753
341
389
269
5008
899
197
5889
959
949
234
39
725
478
963
255
18
141
300
307
769
743
53
863
402
975
951
696
297
927
990
204
550
970
160
129
790
349
705
5318
558
244
217
895
832
98
732
4
6
703
202
549
3591
180
107
561
579
124
1933
629
361
707
411
3190
397
9855
356
372
6980
7480
410
897
453
496
996
429
137
487
428
434
906
1178
491
130
861
821
491
65
94
876
21
540
646
891
560
700
465
909
210
805
345
908
107
672
867
654
378
796
812
4469
3610
813
303
27
385
191
935
844
943
9273
665
315
4138
704
343
509
504
415
942
630
400
136
727
464
807
520
309
466
694
593
9690
380
101
231
269
467
282
160
718
860
157
476
199
615
653
101
432
763
440
8026
405
43
148
877
203
602
8003
646
623
40
414
704
622
324
86
762
7175
747
621
280
877
761
6214
7973
897
164
6031
538
778
217
866
918
9080
787
747
260
348
195
632
559
89
152
578
1368
929
816
855
758
85
78
635
55
91
661
842
619
743
318
406
703
325
264
123
678
579
724
133
196
3750
290
223
913
12
796
342
516
895
122
907
589
464
247
560
905
486
555
910
550
2
66
188
121
301
259
7917
433
171
644
639
4294
3143
682
977
629
884
307
39
6203
455
164
861
675
224
477
695
32
270
880
872
227
141
5751
284
6
5305
153
977
648
656
721
926
529
923
280
551
986
260
657
836
7839
898
4574
304
147
744
60
969
264
540
551
805
24
370
5394
320
922
950
489
213
281
549
285
252
571
135
4817
684
712
746
906
936
444
978
582
813
549
357
681
865
7126
1151
129
392
866
804
500
535
741
137
753
655
75
145
690
671
442
163
250
488
793
357
496
593
815
895
459
610
423
183
790
191
142
70
993
2061
135
58
581
162
932
236
280
653
26
266
874
867
928
601
924
863
543
565
13
8205
268
778
802
459
146
632
560
231
26
495
530
309
1000
437
8692
788
702
647
846
154
37
820
429
525
831
495
688
8991
668
868
416
860
321
144
144
963
509
711
685
977
735
510
524
317
575
29
665
501
855
905
3639
579
7281
6
66
919
776
385
659
217
456
83
482
773
879
533
466
165
954
673
688
841
648
420
338
891
552
697
47
933
829
512
439
124
484
738
357
582
368
87
345
615
909
429
306
397
943
183
568
679
173
133
288
900
789
682
34
950
61
4627
452
945
479
16
963
418
38
995
823
702
8064
273
590
44
684
314
856
854
467
25
1911
672
313
421
6803
988
382
163
6450
499
904
849
648
249
873
646
358
68
6153
699
979
903
590
858
719
683
60
907
695
3970
836
2773
64
8555
503
52
613
967
4892
547
208
158
572
848
806
37
614
447
919
7972
608
175
264
360
574
875
700
377
932
5667
844
680
284
134
94
35
251
460
45
118
412
43
2491
181
303
6828
497
4
967
394
146
25
183
8919
580
947
122
299
996
255
1852
903
299
735
899
216
65
254
783
610
652
414
406
6430
73
619
177
707
632
862
848
9216
845
548
770
756
710
269
294
308
916
864
218
4132
386
655
184
898
474
974
249
147
232
643
399
692
250
170
92
5489
2300
934
817
890
597
5439
425
158
554
5416
994
639
141
340
620
1167
421
914
847
641
760
425
8
731
2426
368
527
709
656
823
885
9655
684
771
689
813
529
866
372
54
20
188
930
644
224
28
944
10
728
432
53
354
57
66
115
744
407
518
416
683
710
6630
804
661
839
464
317
324
901
301
1989
2
127
652
387
783
267
29
1
358
200
371
634
1000
359
797
875
804
4937
969
983
424
230
942
460
520
908
79
962
285
4372
505
213
4699
1122
37
989
526
502
636
705
801
493
580
852
1000
858
994
102
607
347
631
470
270
79
384
771
730
120
308
200
563
76
733
611
339
7060
721
155
922
151
990
760
549
957
259
528
860
982
797
871
254
8886
33
734
220
1848
787
6187
530
412
766
930
136
202
211
426
610
997
24
19
918
329
416
645
396
737
440
14
743
499
599
268
1080
837
957
687
428
103
748
2713
800
777
825
679
583
230
558
833
79
248
249
473
377
86
231
176
2541
2915
946
910
872
929
948
257
898
164
415
5324
880
205
823
168
927
405
841
854
143
792
508
59
198
61
8241
661
17
118
127
90
245
221
2396
830
15
744
445
270
703
358
728
4934
4749
581
645
719
376
689
584
11
456
6
518
980
301
831
7858
763
692
48
608
140
810
159
5699
569
123
25
400
70
353
391
4686
209
618
78
890
932
569
24
927
738
467
423
805
631
534
513
96
994
124
177
623
168
405
251
287
364
486
636
274
434
485
925
657
8576
605
81
971
702
9789
761
660
859
842
888
490
243
5906
184
998
893
255
8441
484
254
31
682
112
977
333
378
991
5375
181
855
489
213
416
99
598
360
91
252
444
112
281
183
531
931
116
193
61
963
883
795
524
307
2644
779
576
29
99
426
434
3437
329
685
581
658
103
55
318
3453
625
961
972
130
393
632
782
143
607
626
572
420
899
893
105
310
674
678
510
36
758
636
605
570
442
395
969
87
756
515
714
293
441
988
634
271
791
61
9927
1000
944
399
598
673
518
440
21
193
908
38
213
521
145
934
288
8996
3762
327
282
494
465
777
6987
952
687
214
975
830
2701
535
958
613
356
579
186
2981
520
75
961
284
193
510
365
9220
373
18
3388
766
152
352
22
418
627
549
628
463
845
174
165
650
744
969
711
522
3635
418
881
154
9843
919
809
737
969
896
193
393
889
378
390
698
403
992
236
551
259
281
723
28
536
601
702
635
966
5
511
453
4700
832
474
923
299
227
244
273
817
528
865
251
467
970
849
73
355
515
548
681
921
541
962
705
88
876
406
404
981
511
212
927
759
116
411
2
919
207
655
565
4007
398
659
312
227
724
75
394
465
265
654
736
423
286
819
757
159
804
31
591
2473
109
528
3728
980
131
619
462
675
625
696
566
519
854
90
418
807
469
286
592
2825
942
376
5075
851
278
401
398
1876
768
247
219
581
51
173
309
611
519
347
4720
989
15
496
7925
525
7797
694
61
1237
579
16
130
857
24
62
574
103
826
148
899
774
382
485
820
634
715
135
902
810
553
274
119
752
293
897
732
959
328
234
788
50
335
850
19
253
330
494
916
707
642
3568
362
166
596
826
208
824
752
132
243
56
930
949
539
493
642
704
6134
6951
241
876
806
478
395
254
44
131
308
994
192
849
44
5208
13
816
170
311
568
827
872
286
990
631
750
937
904
396
620
144
285
982
346
373
447
657
535
670
728
75
4
883
9696
422
690
839
613
476
810
248
3145
588
942
6122
114
4771
246
601
836
238
272
782
557
108
840
686
5
5506
331
393
186
211
463
350
4344
567
202
172
64
656
549
904
338
9
33
228
619
976
798
443
143
969
711
826
8
145
159
1107
4081
238
5248
8992
708
53
878
654
326
430
373
845
9454
16
480
226
98
6641
262
815
587
3881
953
22
780
627
144
784
247
881
52
639
186
4268
56
361
878
228
968
872
344
863
767
788
558
702
299
715
339
451
108
672
669
812
562
553
946
218
831
71
102
984
941
147
651
347
6498
965
912
203
313
301
31
376
642
266
383
203
958
282
571
291
413
422
516
3
382
635
414
392
144
662
427
919
211
513
406
397
845
310
34
561
398
988
904
342
971
187
639
637
470
789
585
207
996
945
60
457
9
436
641
916
724
720
410
556
880
641
69
666
184
660
855
9166
723
1453
41
652
954
720
419
248
81
773
791
169
298
912
44
721
59
918
868
697
704
523
842
7576
591
1735
186
906
403
8648
443
879
811
91
578
217
739
990
314
280
737
176
94
179
8940
673
122
859
606
659
835
699
5139
991
29
949
9840
2737
125
3831
434
2574
522
651
196
652
400
984
708
613
625
867
408
124
39
325
303
536
11
176
793
892
345
80
1000
315
196
739
217
701
481
8706
321
875
109
569
826
218
376
351
99
804
94
147
545
292
553
405
198
255
69
659
273
979
466
972
735
158
85
372
8161
944
293
8
226
41
583
312
630
597
74
405
287
87
242
596
2961
488
194
340
3100
780
507
1596
5282
141
133
590
391
972
873
506
979
1513
391
484
458
749
341
6647
689
381
131
30
43
824
820
420
828
946
851
9346
3588
218
750
588
361
859
733
698
80
317
126
622
866
328
697
8400
465
135
107
151
831
504
510
2688
157
3366
7471
743
593
5974
690
573
986
8567
123
537
676
801
323
361
5309
429
131
612
197
4620
428
528
625
346
938
203
210
622
389
121
27
2112
999
682
917
855
70
344
661
779
17
748
874
339
23
763
12
71
334
701
119
597
482
561
367
970
279
3784
3648
380
453
777
834
420
954
729
65
707
452
411
746
4529
435
708
884
2281
80
9120
664
527
814
448
851
384
560
555
942
820
145
593
2987
305
614
6718
978
986
826
604
6209
194
841
794
481
496
438
973
500
303
934
487
310
525
776
6031
647
518
698
148
177
22
74
734
667
208
508
140
27
599
863
7336
675
287
417
652
490
868
362
798
6934
465
227
896
229
771
139
464
332
580
453
874
183
3316
96
971
64
6327
7809
269
259
322
87
867
5134
676
9456
251
65
515
319
393
161
789
745
77
500
983
353
890
621
634
851
415
509
750
1508
567
262
221
949
478
302
3058
5127
58
255
7151
6915
385
555
503
298
204
30
719
107
481
334
6254
526
975
198
179
9275
968
753
532
902
944
776
299
40
487
190
622
463
958
326
250
756
51
869
334
646
8735
1393
863
919
745
71
4805
121
618
422
859
768
870
727
562
756
930
243
7594
311
716
293
1113
414
333
955
2587
781
728
930
493
658
464
778
844
599
949
872
272
916
645
139
3795
705
459
231
8877
173
584
67
775
36
974
1162
373
1015
361
866
44
825
584
823
833
394
839
272
569
680
952
940
666
701
608
44
257
622
7896
124
798
209
918
4085
3124
356
554
8313
610
712
300
109
8762
654
7418
3585
455
390
330
790
426
638
832
60
794
51
699
770
371
462
862
27
742
244
808
858
332
929
495
339
669
766
31
847
348
479
748
152
1108
448
778
420
911
550
3190
495
170
381
517
449
708
849
905
894
395
1129
780
171
807
229
747
574
556
93
192
811
752
108
2170
7953
194
664
501
924
229
521
170
219
432
7594
441
507
216
964
157
59
879
260
174
29
554
564
444
806
7
818
571
62
468
161
720
758
224
967
616
4683
298
125
751
723
9047
198
260
603
832
190
443
906
467
873
148
465
454
603
872
701
499
806
975
958
460
139
552
699
13
241
564
382
976
882
800
369
628
426
521
232
718
753
972
121
805
920
366
965
627
219
783
762
981
476
656
400
365
35
352
802
1460
701
7972
48
778
148
260
970
374
2473
280
796
878
755
375
93
295
912
446
1214
853
460
940
212
507
397
8272
253
886
502
261
43
145
215
627
944
630
66
271
83
679
568
604
557
796
613
728
3952
600
839
95
978
121
763
439
640
277
737
6694
827
300
835
960
452
162
296
5059
7591
318
475
433
614
118
69
534
457
148
24
691
7466
246
6480
168
656
8045
137
740
167
441
967
110
437
960
928
421
611
242
434
954
832
185
424
289
80
45
930
857
852
924
491
650
113
384
291
233
73
903
263
920
741
843
847
124
9682
24
47
6967
216
769
1215
709
669
38
586
638
11
805
222
379
85
346
697
993
473
903
84
3095
670
6
623
596
297
145
5026
647
214
649
518
77
245
779
667
817
320
79
943
991
472
775
241
961
598
512
762
993
888
417
843
840
55
316
649
120
490
512
572
870
417
413
570
637
929
523
46
542
236
527
801
445
784
242
225
161
986
709
622
782
692
205
3454
755
960
867
648
189
8825
462
617
905
969
50
727
706
456
492
77
671
328
296
744
172
803
196
999
7239
665
119
980
539
421
244
977
864
656
118
473
663
989
577
691
1080
2668
421
446
1877
4250
315
579
916
109
380
709
842
877
483
757
265
275
837
732
968
370
128
903
485
583
7808
829
1343
389
240
3760
575
8994
677
144
660
49
955
717
1676
112
141
228
316
201
257
289
15
975
871
116
523
805
658
110
318
139
431
687
133
522
209
751
2
11
8497
824
885
383
840
4675
286
7240
9594
226
642
34
700
851
896
160
623
89
719
542
814
864
718
583
550
237
365
356
3730
215
625
660
120
9333
653
395
826
414
490
819
15
8817
232
494
371
897
320
223
879
139
7792
825
78
850
358
342
220
26
834
9498
1293
117
312
591
2473
740
283
524
784
651
12
538
435
706
588
884
351
96
924
5403
524
925
398
679
289
801
500
43
384
329
870
679
921
812
449
509
279
2195
848
569
955
382
481
463
423
757
339
678
161
568
694
183
161
3757
575
562
59
46
71
521
842
41
902
5843
184
952
998
194
829
657
169
704
774
230
402
388
982
400
351
91
1596
4443
324
5386
167
914
626
129
432
995
1347
127
306
204
928
980
306
443
3329
290
550
545
129
850
332
342
113
189
742
320
379
67
915
613
248
181
69
78
770
479
995
776
479
237
901
723
86
494
761
470
45
422
450
13
135
517
295
19
553
349
940
696
283
869
338
173
8156
636
154
548
498
6983
505
979
683
933
588
8579
461
636
674
53
13
455
317
736
306
544
461
389
891
1038
586
2585
624
8578
255
362
528
190
812
190
787
948
533
658
817
732
556
534
266
667
625
151
841
541
651
186
578
37
555
38
585
826
8060
433
30
2954
46
671
3318
7128
915
314
599
527
396
648
792
959
202
222
939
202
20
351
489
6
209
188
198
911
764
9645
769
629
469
3454
960
238
48
831
1118
810
620
587
871
663
254
867
457
723
468
819
6161
6999
1000
623
27
194
448
396
2664
808
916
163
572
755
512
894
7939
134
430
810
539
670
52
54
3997
913
731
248
471
615
878
473
256
35
935
276
113
546
521
3736
273
115
878
821
429
747
2416
357
827
715
802
136
397
512
939
889
787
112
326
7765
4418
543
272
300
808
945
182
544
774
870
581
211
976
698
719
431
2912
4747
575
2379
951
489
806
1000
175
855
2426
51
247
548
639
561
591
902
127
747
1
172
45
420
789
692
889
165
726
1553
787
133
177
443
9347
505
368
41
816
500
141
634
232
678
985
501
290
381
243
614
655
110
494
138
92
85
487
691
445
309
285
615
864
585
52
10
783
224
89
392
546
896
33
865
966
2
555
227
7299
548
2670
804
270
846
11
501
107
26
720
50
814
972
452
952
579
512
2006
405
8375
449
338
712
7075
650
8645
486
724
8778
156
68
318
683
235
269
331
174
248
890
666
658
922
2175
90
533
488
955
88
772
2652
132
276
5
418
13
286
288
952
462
847
7474
921
36
188
605
913
9349
338
987
150
71
17
368
543
382
900
151
249
146
715
2645
12
918
7423
4039
216
734
764
316
49
128
132
828
414
35
615
852
445
63
1347
40
712
439
666
928
725
211
370
316
982
747
382
8139
174
516
267
239
478
6743
761
8393
820
421
993
322
934
6315
5078
379
4766
9
345
371
117
9922
402
433
939
268
892
598
774
214
83
559
625
666
577
575
391
880
2
560
193
416
2289
191
5222
7864
943
204
3
187
19
561
55
129
627
408
77
456
195
860
740
628
897
936
119
819
59
702
921
862
565
903
954
202
795
633
239
6635
506
98
769
469
772
973
531
138
617
514
434
178
739
945
911
46
353
977
632
639
989
409
6212
519
733
1857
5644
601
292
141
419
788
489
829
319
9070
931
369
2917
472
463
350
644
778
596
2263
263
7098
839
21
597
537
368
654
609
903
955
799
887
115
878
281
909
518
781
9
9151
206
503
868
144
3580
275
319
430
241
538
847
214
54
649
638
425
166
5775
637
193
787
543
368
717
337
763
210
624
884
215
773
396
4762
40
628
257
664
110
369
658
189
720
958
722
976
376
6842
902
850
167
807
1630
3896
586
215
142
587
3773
918
184
114
937
977
208
987
6384
321
143
359
388
639
848
407
1664
5029
2648
931
75
373
602
607
185
237
668
281
509
775
717
164
346
9292
672
2874
372
7727
365
755
361
757
111
751
619
20
27
104
5388
861
235
1164
7524
843
870
657
175
26
11
9888
194
516
731
785
592
29
220
642
642
863
3
4869
594
301
288
4202
124
783
114
978
801
923
860
708
